-3.5648
-3.0138
-6.4174
-3.0503
-4.4613
-3.7699
-4.7339
-6.2265
-5.9821
-3.6748
-5.1067
-6.5552
-3.5875
-4.8892
-4.5092
-2.6620
-5.4967
-5.8585
-5.1792
-5.9036
-3.1787
-2.8201
-6.7758
-2.9431
-5.1308
-6.4036
-6.1568
-6.4701
-6.6058
-4.0286
-3.5065
-6.4380
-5.3520
-3.5852
-6.8001
-4.2794
-4.1121
-6.7547
-5.4547
-6.3999
-4.5533
-4.2070
-2.6804
-2.4206
-6.1437
-6.5253
-2.8984
-6.1490
-2.3382
-4.6707
-5.9112
-4.5363
-5.9308
-3.4392
-3.2081
-5.2421
-2.7135
-6.6091
-4.2916
-4.5603
-2.6211
-4.5785
-5.3947
-3.0097
-3.0884
-4.5403
-3.9378
-4.4108
-5.6313
-3.4491
-2.6082
-2.6299
-6.5274
-6.4579
-6.7153
-2.8358
-4.3199
-3.9648
-4.7542
-6.7780
-3.9149
-3.7760
-5.7874
-4.3386
-5.2918
-5.9334
-3.8331
-3.3165
-6.3643
-3.4340
-4.0005
-4.0333
-4.0642
-2.1855
-5.0231
-2.9036
-4.0773
-5.3284
-6.1567
-2.7998
-5.4805
-6.1063
-3.9287
-4.7972
-5.4004
-6.7672
-6.3118
-4.4631
-3.8680
-5.9016
-5.6165
-2.4828
-6.2090
-3.8236
-3.5410
-4.0090
-2.6444
-5.0183
-4.5074
-2.8125
-4.7757
-6.0585
-3.4518
-2.8563
-2.6561
-2.0846
-3.6819
-6.7798
-3.9152
-4.3592
-5.6487
-5.7904
-2.6425
-4.6465
-4.3236
-6.2607
-2.9770
-4.6485
-3.3328
-5.9370
-4.1961
-6.0968
-5.9866
-5.5919
-5.4798
-3.3664
-6.7962
-5.1243
-5.0698
-5.6261
-3.2208
-3.0204
-5.3769
-4.7521
-6.7721
-2.8020
-6.6048
-6.1161
-4.7603
-3.2991
-2.3926
-5.8286
-5.0170
-3.8431
-3.4397
-3.4969
-4.4152
-3.1737
-3.7345
-5.4423
-5.0785
-3.2206
-5.7200
-6.3701
-3.5446
-4.3338
-3.3142
-6.3823
-4.8496
-5.3244
-2.7450
-6.2951
-3.0275
-4.2345
-4.5851
-4.7513
-3.8419
-5.5907
-4.5681
-4.0197
-5.4166
-2.8208
-3.4800
-2.1606
-4.2806
-5.1333
-2.9323
-4.5786
-4.1663
-3.3618
-4.2583
-2.5304
-5.0927
-4.4231
-4.2487
-4.4967
-4.0066
-4.6254
-2.7162
-4.4642
-3.1570
-5.2533
-6.0813
-2.4607
-4.3130
-3.5127
-3.8574
-6.7223
-3.5870
-6.5786
-3.3323
-3.1838
-5.3516
-4.3706
-5.5330
-5.7060
-2.7426
-3.5168
-4.3462
-5.1428
-4.3805
-6.1885
-4.3721
-4.0069
-3.9925
-4.2764
-6.0065
-2.4426
-5.8740
-6.1796
-4.1649
-6.1267
-3.5825
-6.4214
-3.9715
-4.8724
-6.6789
-3.2461
-4.2819
-5.5032
-4.4112
-5.9404
-2.5095
-3.4490
-6.4968
-3.7913
-3.9892
-5.5305
-3.9493
-6.1013
-4.4526
-5.1177
-3.9359
-4.3324
-3.2708
-4.0734
-3.0330
-4.2132
-2.3770
-6.4808
-4.9103
-5.9951
-4.8206
-5.5210
-2.7307
-4.9521
-3.1074
-4.6028
-4.3370
-3.5765
-5.6333
-3.7142
-3.4830
-2.7219
-2.9444
-3.4717
-5.7479
-4.9856
-3.4838
-6.6806
-6.5659
-4.3373
-5.7719
-5.5171
-3.3523
-6.6679
-3.7179
-4.3020
-6.3447
-2.3138
-2.7561
-3.1031
-3.9156
-5.6087
-4.6897
-3.1607
-2.4626
-5.0533
-2.7988
-4.6356
-5.7325
-3.4020
-6.3164
-5.4288
-5.3634
-6.3153
-5.9636
-6.1723
-3.1876
-2.8045
-4.4403
-6.1025
-3.1308
-6.6499
-2.7362
-2.6781
-5.7322
-6.7000
-3.0281
-3.0286
-4.2274
-3.6564
-3.5462
-3.3640
-3.5979
-2.8101
-3.6875
-5.5076
-3.8739
-3.9943
-3.5580
-4.2246
-3.2080
-6.4969
-3.3351
-6.2911
-2.9326
-2.4183
-2.1291
-5.7735
-5.8799
-3.2369
-2.4027
-3.7652
-6.4430
-5.6973
-4.2080
-2.8612
-3.0292
-2.3256
-4.8050
-3.9590
-4.4331
-2.4912
-2.5826
-6.2616
-5.5752
-4.7994
-3.6264
-2.5217
-4.2530
-4.6849
-5.9397
-3.7951
-4.4349
-4.8358
-4.2942
-6.5824
-3.5565
-4.2407
-2.8953
-3.0011
-4.7852
-5.4408
-4.5571
-6.5954
-4.7027
-6.6037
-3.0699
-4.4706
-6.2428
-6.0780
-6.3167
-2.1460
-4.0420
-2.8516
-2.7146
-6.6046
-2.9039
-4.3533
-2.3595
-4.1112
-5.6568
-3.2037
-3.4620
-5.7134
-3.1695
-6.4146
-6.6730
-2.8975
-2.5787
-4.9834
-4.4777
-5.2819
-3.1412
-4.2897
-5.2044
-4.3801
-3.4966
-4.5433
-2.8919
-4.2836
-4.0900
-3.2448
-4.2771
-6.0798
-4.8380
-6.1885
-4.2223
-4.0110
-4.8522
-5.8312
-3.4232
-5.5050
-5.8985
-4.6650
-6.0817
-2.8233
-5.6061
-6.2158
-3.9794
-4.2862
-5.8300
-3.0367
-5.4181
-2.2769
-5.0925
-4.6980
-5.6820
-3.9339
-3.2780
-2.6391
-5.0351
-4.2354
-2.5525
-3.3825
-5.3322
-5.0006
-2.8146
-4.4754
-5.4040
-3.8254
-5.8073
-5.0175
-6.4859
-3.7251
-5.4008
-5.7677
-4.4190
-4.0556
-2.4534
-2.2846
-6.1685
-3.0140
-5.9475
-4.5114
-4.7526
-3.6936
-5.0389
-4.8412
-2.3771
-3.2275
-3.2251
-4.2619
-5.0615
-5.2177
-2.5717
-4.3384
-2.3158
-3.7757
-2.7706
-4.8417
-5.8347
-4.6011
-3.6709
-4.3202
-4.6383
-4.0397
-4.2083
-3.6297
-4.0466
-6.7463
-2.7957
-3.4256
-5.4246
-3.4118
-5.5073
-3.7588
-3.7144
-3.3634
-6.1640
-6.2121
-4.7474
-4.4863
-3.1071
-6.1358
-3.4095
-2.6307
-3.5814
-3.7397
-2.6587
-5.4416
-6.1183
-2.6805
-3.8486
-3.6057
-5.0099
-3.6715
-2.3998
-4.8190
-2.6705
-2.9036
-3.9217
-3.8263
-3.9376
-6.7374
-2.4754
-2.8546
-4.4884
-2.5266
-2.3459
-5.0116
-5.8942
-5.7274
-3.5763
-6.6297
-4.4963
-4.4063
-5.9485
-6.2154
-2.7642
-4.1140
-4.0330
-5.0274
-4.5868
-4.6733
-3.4190
-4.7552
-4.7828
-4.0255
-5.8806
-4.1977
-4.8346
-4.5417
-2.6180
-3.9336
-2.9073
-6.5990
-6.4392
-4.7563
-6.4176
-3.9395
-5.0693
-5.4394
-2.7458
-6.7853
-6.1224
-6.2318
-3.7175
-3.1673
-5.8373
-5.4933
-5.5997
-5.8654
-5.6923
-5.6405
-2.8643
-2.4950
-6.2321
-5.9821
-2.2001
-3.3332
-3.6483
-3.1325
-4.5404
-5.5300
-5.9202
-2.9198
-5.9177
-2.5147
-4.4066
-4.8740
-2.8551
-4.7167
-4.3802
-3.6858
-6.5840
-3.3145
-4.0263
-3.6353
-4.9766
-4.0094
-2.9505
-6.3977
-4.6794
-5.4972
-4.1805
-4.1781
-3.3216
-2.9978
-5.0118
-4.7690
-5.1664
-5.9418
-3.3024
-3.0873
-3.8334
-4.8128
-2.6279
-3.9052
-2.5079
-5.1540
-4.3514
-2.8078
-2.1036
-3.7967
-3.4794
-3.4450
-2.2055
-4.5203
-6.7571
-2.4172
-6.1713
-4.7163
-2.3693
-5.1294
-4.7825
-2.1310
-2.9867
-4.3957
-4.6012
-2.5687
-2.4287
-3.5007
-5.0068
-4.7990
-3.0864
-5.5048
-3.3118
-6.0304
-5.0308
-4.8631
-4.5272
-2.8871
-4.2126
-5.8638
-2.8126
-5.5540
-2.6172
-6.4536
-5.5675
-4.8942
-6.4821
-2.6719
-5.8879
-3.6152
-3.6094
-4.9101
-3.2743
-5.8736
-3.1033
-3.8089
-3.7369
-4.3004
-5.5394
-6.3751
-4.7201
-5.6023
-5.9040
-6.7440
-3.6551
-4.6609
-4.4828
-3.1583
-4.5443
-4.7195
-5.3644
-2.7180
-6.0758
-5.3989
-4.1935
-3.6184
-4.3385
-4.0908
-3.0420
-5.5870
-2.3884
-6.4265
-4.6423
-3.6361
-2.4348
-3.7180
-6.6977
-6.0371
-6.7066
-5.4964
-6.6458
-2.7314
-3.2171
-4.3031
-5.4818
-5.5606
-6.7484
-3.9276
-6.6429
-3.1300
-6.0236
-2.5671
-5.5834
-6.5617
-6.2645
-6.4911
-3.0440
-4.5045
-3.9360
-6.3637
-5.1860
-4.3629
-4.5171
-6.0215
-5.4217
-4.7018
-3.7901
-4.1545
-2.8181
-4.4960
-5.3795
-4.1638
-5.2322
-3.8405
-4.2406
-6.7355
-3.2917
-4.6906
-4.9527
-2.6659
-3.9338
-6.6248
-5.3235
-3.2997
-4.3203
-5.6552
-3.2396
-3.6792
-5.4056
-3.5381
-6.7407
-3.6362
-3.3665
-6.4381
-6.3004
-3.2715
-5.7832
-4.7327
-3.2006
-5.7254
-2.7845
-4.0520
-3.2276
-3.5589
-3.3980
-4.5817
-4.6634
-6.3401
-2.9780
-6.0160
-4.5346
-3.7101
-2.3440
-3.2901
-5.8047
-2.8715
-2.7855
-2.5012
-3.5855
-3.4978
-6.5632
-6.3186
-5.4208
-3.4031
-4.8583
-2.8341
-3.8775
-2.9812
-5.9056
-3.6744
-4.0814
-4.7890
-5.8955
-2.9391
-5.5070
-3.0319
-3.3131
-3.4521
-2.5652
-4.1349
-5.8584
-5.5442
-3.0749
-3.0880
-3.1400
-4.6485
-5.2670
-3.4783
-5.6621
-4.5761
-2.9016
-3.3303
-4.9149
-3.9879
-4.0948
-5.7104
-4.1877
-4.4325
-4.8679
-6.1139
-2.9343
-3.3497
-4.3562
-3.3567
-2.7905
-4.4360
-3.2142
-6.2303
-6.2022
-5.0840
-2.4618
-5.3612
-4.6919
-2.9510
-3.6035
-6.6307
-5.6929
-2.3798
-3.5640
-2.7511
-3.8696
-3.6550
-5.4781
-4.3258
-5.4892
-5.3350
-3.4193
-4.7322
-2.8562
-5.9647
-3.8732
-6.2238
-3.2128
-4.4768
-6.3441
-5.2199
-3.0753
-3.6270
-3.9422
-5.2967
-2.5962
-2.8136
-5.2070
-2.6947
-6.7552
-4.3374
-4.2499
-5.2894
-3.7550
-3.9160
-5.5108
-6.6335
-6.3750
-2.7153
-5.8501
-2.6590
-3.3020
-2.9788
-6.1608
-6.1450
-6.0415
-5.6415
-3.9906
-3.7446
-2.8962
-2.4631
-6.3454
-5.3832
-6.7659
-4.0124
-2.4867
-4.7239
-4.4069
-5.6250
-5.6130
-3.4709
-6.6798
-3.0597
-2.0471
-4.5255
-6.0669
-6.2269
-5.7349
-5.2887
-3.4341
-2.7148
-2.9596
-4.4218
-6.3600
-3.4386
-3.6015
-2.8211
-3.2806
-4.7691
-2.2448
-4.2633
-3.8607
-3.8085
-2.3595
-5.2726
-2.7221
-3.3369
-3.2646
-3.8522
-5.5878
-2.0953
-3.8139
-5.3537
-4.4567
-4.4635
-3.8355
-3.4236
-6.5584
-4.8392
-3.8726
-5.0417
-3.5159
-4.4521
-5.3671
-3.1922
-3.4769
-5.6365
-5.4376
-5.1671
-5.2609
-6.4976
-3.2864
-4.0606
-3.7709
-4.5985
-4.4738
-2.6960
-6.2578
-5.7078
-6.6915
-4.8927
-6.5735
-3.4196
-6.2643
-4.2945
-2.3677
-2.7757
-3.1398
-4.9808
-5.7522
-3.2586
-5.8717
-4.5115
-6.3396
-3.9396
-6.7982
-5.4884
-2.8331
-3.1939
-4.3448
-4.6117
-6.1515
-4.0861
-4.2203
-5.3121
-6.3508
-6.2888
-3.9525
-2.8495
-2.9087
-2.8333
-5.3589
-3.9207
-2.1850
-4.5203
-6.5621
-2.9816
-3.3143
-4.0989
-4.2873
-4.8617
-4.8331
-5.5710
-3.9312
-3.3372
-6.7146
-5.5235
-5.7673
-3.5541
-2.7090
-5.6888
-5.0025
-6.2206
-4.6057
-5.7985
-2.8046
-2.7986
-4.6732
-3.0477
-3.7859
-4.3583
-4.4664
-3.8093
-5.9708
-3.8733
-5.4478
-2.2360
-3.5228
-5.9290
-5.5346
-3.1355
-2.7397
-3.5098
-3.4832
-4.3168
-2.9086
-4.0087
-3.6630
-4.5006
-3.8218
-5.5019
-4.6216
-3.8526
-6.1349
-2.6812
-4.9690
-3.3635
-2.6801
-5.5143
-6.5441
-4.1083
-2.3347
-5.0912
-2.5908
-5.2211
-5.8535
-4.5317
-4.2995
-4.3636
-4.7341
-5.3027
-6.3745
-5.1589
-3.1185
-3.4033
-5.1449
-5.6492
-4.3930
-4.4468
-6.4874
-2.8655
-3.6513
-2.0099
-4.6507
-4.9232
-6.3284
-5.2720
-3.3551
-3.3355
-5.9042
-2.3873
-2.3803
-2.8391
-4.2113
-6.2903
-4.0171
-3.9813
-3.7112
-5.7852
-2.8518
-6.2913
-3.5654
-3.3694
-3.9376
-3.4911
-3.4790
-4.1609
-3.6102
-5.8331
-6.2447
-3.6846
-3.9441
-4.5745
-5.7494
-4.0275
-3.4723
-2.0149
-3.7056
-5.6592
-3.1256
-6.7202
-2.8183
-4.6851
-3.8846
-3.4959
-4.4277
-6.4368
-6.7533
-4.6564
-2.7462
-3.8828
-5.5925
-5.3938
-5.2023
-2.6318
-2.7424
-5.0110
-4.2095
-3.3172
-5.0585
-4.8859
-3.7380
-4.0255
-2.9221
-6.5694
-5.7588
-6.1726
-6.4036
-4.9181
-2.4550
-3.8654
-2.8472
-4.4789
-3.3069
-4.4765
-4.9289
-4.0691
-3.4479
-3.1728
-5.2900
-4.0634
-6.0943
-4.0254
-6.0194
-4.5936
-3.9648
-4.4600
-5.2169
-5.1040
-4.7418
-5.3384
-3.6644
-4.2882
-3.3703
-3.3670
-3.2672
-4.2479
-3.6782
-3.0904
-5.0794
-3.8737
-3.3975
-3.1430
-5.0342
-4.2002
-4.5937
-3.1720
-6.0427
-2.5078
-3.0352
-3.6581
-2.9238
-4.7286
-2.6700
-5.1620
-5.7677
-4.8719
-4.2490
-5.9693
-3.1462
-4.5658
-3.0228
-3.2105
-6.1638
-4.7837
-2.3875
-3.4317
-4.2448
-5.3805
-3.3833
-3.7605
-2.3888
-5.5916
-3.2024
-4.6837
-2.3349
-4.9188
-4.6935
-5.8508
-3.1712
-3.0559
-6.6325
-5.2425
-4.2399
-6.3434
-3.1091
-2.8929
-6.7615
-4.8072
-3.7186
-3.7698
-3.4658
-3.0784
-4.6156
-6.0823
-4.4879
-5.3761
-4.8229
-6.3855
-2.6915
-6.4642
-2.5998
-4.7921
-6.4417
-5.5591
-3.9908
-3.0164
-4.8082
-2.9875
-2.7378
-4.2378
-4.9070
-3.7398
-5.6885
-6.1409
-2.9006
-2.8973
-4.8799
-3.6051
-3.6443
-4.0323
-5.5504
-4.8704
-4.5881
-2.6119
-2.9790
-4.5283
-3.6254
-3.0252
-3.3443
-3.0387
-4.2817
-2.9849
-4.3543
-5.3977
-3.0312
-4.7662
-3.7804
-5.6296
-4.5321
-4.0985
-3.3787
-6.1291
-3.3836
-2.5607
-3.3321
-5.3126
-2.7824
-5.0792
-5.1132
-2.8757
-3.5625
-5.2169
-3.4860
-4.3087
-2.6095
-6.1568
-5.1523
-2.5295
-4.7906
-4.6284
-6.1813
-5.7819
-3.8180
-5.1070
-3.1103
-5.1312
-3.4303
-4.0356
-6.1307
-4.0227
-3.7654
-4.3678
-6.6041
-2.2010
-2.7410
-2.5835
-6.2922
-4.5665
-5.1698
-4.1508
-3.4166
-6.7176
-2.7776
-5.5900
-4.0217
-6.5282
-4.0089
-4.6649
-4.7883
-4.2009
-2.2576
-2.1037
-2.2188
-4.3041
-3.9182
-6.3514
-2.5720
-2.4294
-3.5653
-5.0229
-2.7548
-3.6004
-3.1649
-4.2173
-3.2557
-5.2065
-3.1609
-5.0567
-5.0202
-2.8960
-6.3382
-4.2918
-3.8822
-3.6330
-5.6655
-6.7171
-3.5586
-5.1969
-3.5839
-4.3752
-3.3052
-6.2120
-5.8944
-3.6669
-3.7629
-4.7651
-6.3238
-3.2246
-3.3678
-4.3977
-4.9969
-4.4268
-5.3792
-3.6989
-3.9429
-2.8218
-4.1369
-4.0714
-3.5856
-5.2751
-6.3374
-6.7533
-4.4961
-6.4599
-5.5202
-4.5627
-4.5819
-2.9575
-6.4426
-4.1376
-5.1714
-4.1058
-5.6541
-5.0128
-4.0843
-2.2297
-6.4989
-2.8036
-2.8666
-6.7376
-5.0082
-5.3014
-3.1947
-2.5407
-5.7557
-5.1247
-5.7498
-3.1916
-2.8064
-3.9158
-6.2971
-4.1892
-5.6887
-2.5906
-5.0026
-3.9699
-5.8986
-3.7817
-3.3312
-4.2988
-5.3761
-6.7928
-5.3061
-4.6731
-6.7239
-5.7546
-3.8674
-5.6769
-3.4022
-6.1102
-4.9745
-5.1588
-6.1250
-2.9433
-2.9696
-5.6503
-3.0322
-2.9913
-2.6150
-3.1174
-6.2046
-5.2640
-6.6550
-2.9033
-5.3952
-6.1931
-3.1654
-5.8515
-3.0462
-2.9290
-3.0718
-4.8566
-4.1824
-5.8823
-4.9150
-3.2897
-4.4706
-4.8560
-5.5392
-4.1206
-2.4698
-3.6497
-4.9017
-4.4444
-4.1683
-3.5553
-3.8282
-4.2486
-4.3759
-3.3109
-4.0844
-5.5567
-5.3788
-6.5507
-4.8012
-6.5437
-4.6281
-5.2747
-4.0990
-5.3990
-4.9291
-3.1449
-5.6884
-3.1360
-3.9353
-6.6846
-2.9489
-6.6415
-4.4651
-3.6821
-3.1692
-5.9006
-4.4741
-3.8779
-5.0687
-3.3145
-4.2697
-3.2682
-5.7423
-5.2714
-3.5119
-3.3254
-6.5899
-5.4539
-3.2422
-4.4710
-3.0479
-6.4312
-2.8373
-4.2651
-6.0235
-3.0052
-6.6647
-2.7789
-5.9236
-2.8945
-2.6047
-3.8869
-3.6250
-3.5797
-4.5714
-3.9007
-6.2653
-3.3220
-2.9054
-2.4778
-4.7487
-2.7161
-3.4341
-3.0700
-3.9900
-3.5529
-5.9010
-3.4340
-4.9348
-5.4147
-4.7573
-4.3580
-4.1944
-5.6975
-6.5443
-3.8392
-4.1247
-5.3880
-5.1881
-3.8339
-2.8170
-3.8449
-3.7132
-5.3856
-3.4604
-2.9007
-4.2712
-2.8451
-3.2507
-6.3258
-3.9603
-4.9671
-5.5875
-3.9540
-2.6248
-6.1164
-6.0996
-6.1031
-5.0731
-3.5296
-4.1485
-3.4168
-3.1584
-4.0183
-2.7810
-4.0001
-5.2502
-5.2551
-4.5086
-6.4095
-4.6861
-3.1965
-2.3221
-2.4488
-2.5958
-3.3279
-4.7589
-4.8780
-2.2240
-5.5838
-4.0862
-3.3230
-4.6952
-3.8199
-2.8652
-3.8460
-4.4721
-5.6349
-3.1739
-5.0989
-4.3141
-3.5500
-5.4913
-4.0503
-6.0430
-3.4495
-2.5661
-2.8608
-6.1851
-4.4903
-3.9858
-3.4079
-3.4813
-2.7721
-3.3592
-6.5541
-5.2508
-4.8092
-4.4992
-4.4449
-3.7865
-4.3787
-3.0620
-5.1994
-5.3025
-3.8717
-4.7968
-4.2701
-4.2235
-2.9347
-4.2301
-4.1294
-5.8144
-5.9326
-6.2820
-3.6034
-3.7529
-3.8682
-2.8441
-4.5017
-3.2245
-6.4854
-6.2881
-6.1556
-3.2366
-4.4292
-3.7730
-2.5221
-5.2265
-5.3866
-2.6200
-3.9182
-3.7276
-5.3868
-5.3449
-6.2375
-5.2188
-2.8180
-3.3985
-5.2692
-2.3778
-6.4258
-5.2497
-6.2195
-3.4125
-3.5701
-2.3130
-3.0493
-5.7198
-5.7132
-6.6334
-3.7472
-6.3529
-3.4670
-5.1544
-5.5605
-6.4586
-6.6972
-5.0258
-6.0197
-3.3585
-5.9174
-2.4742
-4.4707
-5.5909
-3.4058
-6.5614
-5.7001
-6.4067
-2.1747
-6.6536
-4.2904
-4.9397
-5.1833
-5.3296
-4.5503
-5.5680
-4.3601
-4.2368
-5.0871
-4.7686
-3.0154
-5.4845
-2.9245
-6.3497
-4.9583
-5.8385
-5.3042
-5.3745
-4.5511
-3.1527
-3.7137
-3.9523
-3.8195
-2.7063
-6.7400
-4.4176
-5.7679
-4.0675
-5.1500
-4.5668
-5.0533
-2.1104
-2.6419
-6.7323
-2.2948
-3.9329
-2.9299
-5.3107
-2.2197
-6.5928
-3.8794
-4.2666
-3.4869
-4.9736
-3.2828
-6.1359
-3.1839
-2.4238
-4.2451
-4.2776
-3.1426
-6.3485
-6.4822
-3.4368
-2.5426
-2.8349
-6.6718
-3.3667
-3.5851
-2.6057
-6.7219
-3.7134
-5.3821
-5.9924
-5.5366
-5.2425
-2.3547
-4.1304
-4.8398
-6.0646
-4.6753
-5.9292
-6.0969
-5.2431
-4.1264
-3.8321
-6.5531
-4.6773
-6.7194
-3.7190
-5.1509
-5.3960
-3.7458
-2.7707
-6.5041
-3.9396
-5.0604
-4.0413
-5.5428
-3.7319
-4.9004
-2.6066
-3.9613
-5.8753
-3.0809
-5.2866
-3.2986
-4.3770
-5.9900
-4.8036
-2.9189
-2.8895
-4.3872
-5.4181
-2.6059
-3.3600
-3.3194
-6.0063
-2.9715
-2.4206
-6.7428
-3.8661
-3.7051
-4.1641
-5.6775
-2.1227
-4.2769
-4.0020
-4.0227
-6.4742
-3.9904
-2.7323
-6.1075
-2.6595
-3.3557
-2.2625
-4.5768
-4.1460
-2.8986
-4.9133
-4.3284
-5.2813
-2.9312
-2.6855
-3.9175
-3.0297
-5.5311
-3.0521
-3.4743
-3.8734
-4.9932
-6.3820
-3.3078
-5.5325
-5.7791
-4.2103
-3.9843
-3.4880
-4.1937
-5.3719
-4.3690
-4.0727
-4.1846
-6.6881
-5.8282
-6.3410
-4.6319
-3.5664
-3.6304
-4.9168
-5.5026
-3.7588
-6.0385
-4.3350
-3.7487
-5.1811
-5.2341
-3.1638
-6.5484
-3.3203
-5.4059
-4.7324
-3.7368
-6.0657
-3.4474
-4.7654
-3.5139
-3.3362
-2.6819
-4.0647
-2.1969
-3.2846
-4.5372
-3.8332
-5.7576
-3.1074
-3.8244
-3.2329
-4.0423
-2.8431
-3.1710
-2.7580
-3.4670
-4.5810
-2.2924
-5.9605
-4.3747
-5.9324
-3.6448
-3.1343
-5.7817
-2.1226
-4.5403
-5.7081
-6.7414
-4.9102
-4.0352
-2.4949
-3.7420
-6.2871
-5.0194
-4.6548
-2.4187
-2.7180
-2.8437
-3.7716
-4.0188
-3.6715
-2.5639
-5.0096
-3.1756
-4.0291
-2.4037
-4.5097
-3.4275
-6.1878
-6.5105
-4.3306
-5.6677
-3.8442
-2.7348
-6.7828
-4.6891
-3.6969
-3.0038
-3.3701
-6.6176
-4.8314
-5.0384
-4.7887
-3.5256
-5.0588
-3.7740
-6.5089
-6.7295
-3.9597
-5.0385
-4.7300
-3.8782
-2.4780
-3.2049
-2.5930
-5.2773
-4.6548
-5.6696
-5.0893
-5.6574
-6.6842
-4.4745
-6.4018
-5.7286
-4.4727
-6.4747
-5.4085
-4.9093
-6.2891
-2.6626
-4.1132
-3.7446
-6.1483
-5.5745
-6.2779
-4.1176
-6.6347
-4.0412
-2.6899
-5.6847
-4.6117
-4.0171
-3.9695
-3.2107
-5.3758
-2.8678
-3.1663
-4.9603
-5.2507
-4.7125
-4.8144
-4.6730
-3.1813
-6.4745
-2.9223
-3.5535
-2.5808
-4.9458
-2.7751
-2.5174
-2.4801
-2.5417
-5.3006
-5.4259
-3.7780
-6.2999
-3.8972
-5.6659
-4.1654
-4.6914
-5.2829
-3.5808
-4.9098
-5.6896
-4.5412
-2.1607
-4.5250
-5.8879
-5.1097
-3.5143
-2.6238
-4.4376
-2.5551
-3.5044
-2.1222
-4.4856
-4.8931
-2.7404
-4.0284
-3.5373
-4.7513
-3.2203
-2.9429
-5.0533
-3.1637
-6.5083
-3.1088
-4.5458
-4.4846
-5.8087
-6.0592
-4.1308
-2.3085
-2.9588
-3.6531
-4.9778
-5.3733
-4.9542
-4.8174
-6.4768
-3.5444
-4.9547
-5.8541
-6.2739
-2.9038
-5.3867
-6.4266
-3.2756
-2.9427
-4.0693
-5.5492
-2.9931
-3.3608
-6.0911
-2.9345
-5.6413
-5.5344
-2.5220
-3.3795
-6.5628
-5.1874
-3.1698
-3.6894
-3.8804
-4.2899
-6.4044
-4.0678
-4.8377
-4.4337
-3.5193
-3.2583
-4.2370
-2.7640
-5.1969
-5.5541
-5.9811
-6.1443
-3.0690
-3.2479
-2.1561
-2.1947
-5.7512
-2.8870
-2.6030
-5.6517
-3.3319
-3.8020
-5.0337
-5.2841
-6.3370
-5.9004
-2.1986
-3.0773
-6.5451
-4.2116
-4.9031
-5.3121
-2.9633
-5.4544
-5.0190
-5.6117
-5.2911
-2.5980
-3.6006
-4.9224
-4.2201
-6.1542
-6.4073
-3.4612
-2.8970
-4.7765
-6.5963
-6.7468
-3.2614
-5.0206
-4.6386
-3.3369
-4.7141
-3.9122
-3.9931
-4.3645
-3.7554
-3.5777
-6.0404
-6.3797
-5.0404
-6.5865
-2.3817
-6.1409
-3.0384
-4.2005
-6.4951
-3.5694
-4.0139
-3.8002
-4.2321
-2.8695
-4.4443
-3.5020
-3.7621
-6.5331
-4.3378
-4.3424
-2.6911
-5.4118
-3.0366
-4.0053
-5.7100
-4.4141
-4.4885
-4.9401
-3.9588
-3.7247
-5.8101
-3.2982
-3.6539
-5.0304
-3.7480
-5.1704
-2.8180
-6.1429
-3.8424
-4.9608
-2.6723
-5.9506
-6.5066
-6.7595
-6.7445
-3.5274
-3.5062
-3.2419
-5.4010
-5.2407
-5.0699
-5.1517
-3.0190
-5.6002
-4.1396
-6.6085
-4.0725
-3.4706
-2.2169
-3.9356
-6.6661
-5.5362
-5.2653
-3.4168
-5.4063
-5.2480
-2.8023
-3.7791
-4.4567
-2.9913
-5.3766
-6.1458
-5.7281
-5.3406
-3.8302
-3.7645
-2.6508
-5.5692
-2.8543
-5.8008
-4.8921
-5.2758
-4.0806
-2.2213
-5.1681
-6.0822
-5.6537
-5.9510
-4.1987
-5.5145
-4.7410
-3.4564
-6.0823
-2.4172
-5.2755
-2.8794
-6.0377
-3.0080
-6.5481
-3.3708
-5.8991
-5.9431
-6.0552
-5.1015
-4.3212
-5.2322
-3.7238
-6.7219
-2.8916
-4.3081
-4.7880
-3.7598
-4.0505
-4.2660
-5.1562
-6.6566
-4.5296
-4.3781
-2.7112
-3.9467
-4.0377
-5.2570
-6.6518
-6.2283
-3.0922
-5.8652
-3.6570
-4.9995
-2.7617
-5.0980
-4.2494
-2.0629
-2.3381
-2.5332
-4.5477
-3.8140
-4.0826
-6.6980
-3.9475
-4.5333
-2.9861
-3.2718
-4.1648
-6.6488
-4.0449
-5.9061
-2.7871
-5.6727
-4.0744
-6.6890
-3.4830
-4.3011
-3.3811
-2.4681
-4.7406
-5.7215
-2.1869
-6.1998
-6.7625
-3.3191
-5.9825
-4.5161
-5.1483
-3.5963
-5.5050
-3.3074
-3.5534
-4.0434
-3.5331
-3.5988
-4.7759
-3.4008
-5.1180
-5.3477
-3.2485
-3.2117
-5.8993
-3.1997
-4.6720
-5.6475
-3.0039
-2.9860
-6.6878
-6.5488
-4.7138
-4.3583
-2.8545
-3.5143
-5.2561
-4.1585
-6.3984
-5.9269
-2.4604
-4.8338
-4.9373
-5.9898
-3.7829
-3.1089
-6.3141
-4.6245
-5.4375
-4.3801
-5.8468
-4.4161
-3.5189
-3.2211
-4.7306
-3.6581
-3.2270
-3.6043
-6.1754
-2.1450
-5.1333
-4.7529
-5.5483
-3.7560
-5.8967
-5.6782
-3.1110
-5.8944
-5.0316
-2.6351
-2.8228
-3.7454
-5.4241
-4.0717
-3.5669
-5.3420
-2.6287
-3.1217
-2.8987
-3.6343
-2.9946
-4.7125
-3.1084
-5.7832
-3.1817
-4.9800
-2.9016
-5.7640
-2.3070
-4.7988
-6.6211
-6.2640
-3.1689
-4.7606
-5.5633
-4.7657
-4.8388
-3.0938
-5.4937
-3.3790
-3.7863
-3.4794
-3.9327
-3.3060
-2.5488
-4.3823
-6.3503
-4.4326
-4.4384
-6.2335
-4.8837
-3.0593
-3.4514
-5.6902
-4.4755
-2.5971
-3.9021
-6.0056
-4.2515
-6.7140
-4.2472
-6.5797
-3.0770
-3.1737
-4.7307
-2.3261
-4.7028
-5.0353
-5.0017
-4.0582
-4.6435
-6.5091
-3.1525
-2.5979
-6.2188
-6.7105
-3.9929
-3.6324
-2.3250
-3.3932
-6.0409
-4.5249
-5.7026
-3.3955
-4.1479
-6.5580
-3.7333
-2.2907
-4.4950
-4.5727
-5.8215
-4.9564
-3.2394
-3.6558
-4.9812
-6.2580
-3.8995
-5.5702
-6.0749
-5.7801
-3.6904
-3.3649
-5.9716
-6.2029
-3.3809
-2.5667
-3.0474
-4.1843
-3.6655
-3.7967
-2.8742
-6.3479
-5.8350
-3.8233
-2.5966
-3.8158
-3.3121
-5.4326
-5.7510
-4.0576
-5.7310
-2.9423
-6.2600
-5.8738
-2.8878
-5.5154
-2.8406
-2.9592
-5.4101
-3.2112
-2.5955
-2.2007
-3.8697
-5.8021
-5.9114
-2.8105
-3.6437
-3.0637
-6.5039
-4.1583
-2.7307
-3.5207
-6.1300
-2.6738
-3.0066
-5.3266
-4.8003
-2.8698
-5.1388
-3.0037
-6.5925
-4.1723
-6.0362
-4.2633
-3.6052
-2.9603
-2.9265
-6.6380
-5.8853
-6.0685
-2.7926
-4.4488
-3.8987
-6.2583
-2.6674
-2.9644
-4.4042
-5.2406
-4.7249
-3.5726
-5.6764
-6.6246
-3.4914
-2.8827
-4.5967
-6.5765
-4.4391
-6.3239
-6.1143
-4.3962
-2.8615
-3.8417
-4.0286
-4.4227
-6.6135
-4.4766
-4.4218
-3.8104
-4.1522
-5.2669
-4.0300
-4.7814
-3.2269
-2.6930
-4.4061
-6.3140
-5.0106
-6.0906
-5.5715
-3.5727
-3.1994
-6.4943
-5.3436
-5.3017
-4.5503
-5.1996
-4.7487
-4.0063
-4.8386
-6.0899
-6.0589
-3.1634
-3.1164
-3.7716
-4.4978
-5.6224
-4.1153
-3.5583
-3.9801
-2.9455
-3.1591
-4.3022
-2.3246
-4.7765
-5.8769
-3.4982
-3.1084
-4.1113
-2.7159
-4.0628
-5.6963
-3.0936
-4.4060
-3.9590
-5.5579
-4.2513
-5.6741
-5.3743
-6.7509
-3.1876
-3.1471
-3.5659
-3.5836
-5.4749
-6.1595
-3.3567
-4.5052
-5.4727
-5.2776
-3.9276
-3.1348
-5.7333
-3.8764
-2.1713
-6.1917
-4.3955
-4.1513
-3.2694
-2.4949
-5.4257
-3.8031
-3.9653
-6.7179
-3.8859
-5.7399
-6.6605
-6.0292
-2.5012
-2.7840
-4.7534
-4.3726
-5.6364
-5.9464
-3.3852
-5.7723
-6.6797
-6.1275
-2.9219
-5.8636
-4.8373
-6.0620
-6.0745
-4.8716
-4.0629
-4.9098
-4.6886
-4.2224
-5.5132
-6.3694
-3.5186
-3.7253
-3.3884
-3.0820
-5.7621
-5.2685
-2.9263
-3.1697
-6.1251
-3.6085
-4.0956
-2.7897
-3.7952
-5.6917
-3.1549
-3.2077
-2.3321
-4.6176
-3.1990
-6.5420
-6.6194
-3.1039
-6.1315
-4.2733
-4.3030
-3.5379
-5.5690
-4.5949
-3.2452
-3.1811
-3.3146
-6.4988
-6.2449
-3.4166
-3.3108
-5.2790
-4.2672
-5.8542
-3.5152
-3.8976
-3.5995
-3.0372
-4.6366
-5.1390
-2.7904
-3.3614
-5.7503
-5.4230
-4.4656
-4.0603
-3.1943
-3.9471
-4.4402
-4.8266
-3.4714
-5.2541
-5.4687
-2.8411
-6.1784
-4.4362
-5.2283
-2.3202
-6.0124
-4.0537
-5.0185
-3.2312
-2.8018
-4.3278
-4.2899
-6.1442
-4.1405
-3.5327
-3.0279
-3.0035
-4.3389
-3.8028
-4.1071
-6.1326
-5.3264
-4.3654
-3.0590
-3.8638
-2.4904
-5.2648
-3.3688
-6.6486
-6.5466
-2.9324
-5.3451
-4.5253
-4.3248
-5.0723
-2.5916
-2.5555
-2.8563
-5.5558
-5.3987
-4.2921
-5.2630
-4.0716
-5.5819
-4.2850
-5.3461
-5.7844
-4.7546
-3.5754
-3.0188
-6.0500
-5.5385
-4.0380
-2.9151
-6.5026
-4.7763
-4.1384
-5.1818
-5.0532
-6.2624
-3.4258
-5.5306
-4.9004
-2.2162
-3.3731
-5.7921
-5.8407
-3.8361
-6.2922
-6.7291
-4.2065
-4.2577
-5.7073
-2.9415
-4.2379
-6.3228
-6.3245
-3.9309
-3.2597
-5.6090
-5.5016
-6.4424
-3.2678
-6.3427
-4.4219
-4.7564
-3.2611
-6.7086
-6.4748
-2.6161
-4.7803
-2.9588
-2.3735
-5.1432
-4.1501
-3.9013
-5.4324
-5.9740
-2.9044
-5.0657
-5.0704
-5.1282
-4.1971
-4.7666
-4.1303
-2.4139
-3.1152
-5.4843
-5.1914
-4.1047
-4.2086
-4.9463
-3.6482
-4.8220
-3.1283
-3.5169
-2.7243
-4.7528
-5.8878
-3.2539
-3.0072
-5.1116
-4.6374
-4.9055
-2.4024
-6.6442
-2.9602
-6.1896
-2.5862
-4.3255
-2.7929
-2.9513
-3.5976
-2.8052
-2.9885
-2.6955
-5.4200
-4.3521
-4.2834
-6.1375
-4.2892
-4.2949
-4.1750
-6.2935
-6.0251
-2.9424
-5.0402
-2.8312
-3.1774
-4.8130
-6.0408
-4.1417
-6.6832
-5.5608
-2.9902
-5.0643
-3.2037
-3.6855
-2.8920
-2.5371
-4.4210
-3.0490
-4.0383
-2.2538
-6.2183
-4.7334
-4.5650
-4.5631
-6.6913
-4.2649
-2.9170
-4.8728
-3.5471
-5.2441
-5.7448
-4.1812
-4.9234
-5.9733
-2.7416
-6.4521
-6.1417
-3.8429
-4.6328
-3.9619
-3.0501
-6.7952
-5.0572
-6.6761
-5.3967
-3.1157
-5.0013
-2.2753
-3.4554
-5.6025
-3.1415
-2.9752
-4.3084
-2.4061
-4.2742
-4.1243
-4.0103
-4.7505
-4.4947
-5.1421
-6.2924
-3.5640
-3.5218
-4.0230
-6.2427
-3.2921
-4.1178
-4.3764
-5.6784
-4.9986
-6.1071
-4.4094
-3.5330
-4.0180
-5.4704
-6.2844
-3.2226
-4.8035
-4.9268
-2.3192
-2.9025
-6.7679
-3.7492
-3.9383
-4.6020
-3.7454
-3.7194
-2.9258
-5.0720
-5.7359
-2.4548
-5.7773
-4.1304
-3.9318
-2.3445
-2.3180
-3.6737
-4.8114
-2.8550
-6.5287
-3.6703
-5.1794
-3.3925
-6.3860
-6.2503
-5.6490
-4.7170
-4.5237
-4.1587
-4.2650
-5.0253
-6.7392
-3.7314
-4.2260
-6.4242
-6.5317
-5.0991
-3.5920
-3.9689
-3.6852
-4.7496
-6.5739
-3.7673
-5.3898
-5.5267
-6.2364
-6.0014
-6.0799
-3.8221
-6.0495
-4.3017
-4.5254
-5.3384
-2.9251
-4.2313
-5.8306
-4.5276
-3.8161
-4.7694
-3.8260
-4.5845
-3.8238
-2.7376
-3.7070
-3.9578
-5.3684
-2.8253
-2.6020
-3.6930
-4.8719
-4.6603
-2.6773
-3.5863
-3.0076
-4.0740
-2.6942
-5.9987
-6.7232
-3.5460
-4.4932
-6.7064
-2.3980
-4.7337
-5.3091
-6.0998
-4.0654
-2.9563
-3.2435
-6.6302
-6.7475
-3.7317
-6.6735
-3.4346
-3.6020
-3.5362
-6.7118
-2.2754
-3.1725
-4.3924
-6.2892
-3.0467
-5.0082
-5.8266
-3.8273
-6.0415
-3.4443
-3.0028
-2.6155
-3.9611
-5.7652
-6.5255
-4.4715
-5.7078
-2.8770
-5.5656
-5.0505
-3.9202
-5.6736
-5.3535
-4.3835
-3.8095
-4.5153
-3.2601
-6.2166
-5.4271
-2.7529
-4.9936
-4.3273
-5.2168
-5.4038
-5.6547
-4.2195
-4.1569
-3.5085
-4.4339
-6.2368
-4.8531
-6.1454
-5.2631
-5.3103
-3.3533
-2.9041
-4.3999
-3.5514
-3.1666
-4.5720
-4.2966
-2.7964
-4.7937
-5.4621
-3.5185
-3.3824
-6.4240
-4.2161
-5.8493
-4.7550
-4.8510
-2.9620
-2.8613
-2.3059
-3.1839
-3.7429
-5.8330
-3.8189
-4.8993
-5.6979
-2.9481
-3.8954
-4.6626
-3.2844
-5.6105
-4.0312
-3.1329
-5.0870
-3.7046
-4.5361
-3.1994
-3.8578
-3.9316
-4.8505
-6.7273
-6.7558
-5.3309
-2.4525
-4.3620
-2.4140
-3.1195
-5.2033
-3.0802
-4.1127
-5.9978
-5.1732
-6.5691
-4.2246
-3.1787
-6.4866
-3.1069
-5.8394
-3.8763
-4.3017
-4.8103
-4.9538
-4.3140
-2.8985
-4.7329
-2.8857
-2.8056
-4.0740
-4.9549
-6.5134
-5.6851
-3.7153
-6.0457
-4.8699
-4.1060
-4.3596
-2.4043
-3.2183
-5.3843
-3.1802
-4.8346
-3.0089
-4.3435
-4.6498
-4.9132
-5.4986
-3.9915
-4.6704
-3.5450
-5.2016
-3.7852
-3.7926
-2.9325
-5.7759
-4.4600
-5.7203
-5.3332
-6.0138
-4.2316
-3.4377
-5.5534
-3.9274
-4.3491
-3.2620
-6.1753
-5.9491
-2.7820
-6.7971
-4.8869
-6.0763
-4.1584
-2.3607
-6.5615
-4.4139
-6.1795
-6.3372
-4.7760
-3.6173
-3.1768
-4.4621
-6.3748
-4.3310
-5.1964
-4.3203
-2.6783
-5.8958
-2.8135
-4.2652
-5.0149
-4.7958
-3.1034
-6.0879
-4.0889
-2.4331
-2.7952
-3.8267
-2.7657
-4.4279
-2.8707
-6.7188
-6.2983
-2.7499
-5.7329
-4.7012
-3.3529
-4.0515
-6.3060
-5.0912
-3.5112
-3.1456
-4.4686
-5.5132
-4.2343
-3.9001
-5.0037
-3.4700
-4.5649
-5.7666
-5.7216
